# camera_matrix:
# - - 820.3589856596768
#   - 0.0
#   - 539.5
# - - 0.0
#   - 483.84537647631765
#   - 959.5
# - - 0.0
#   - 0.0
#   - 1.0
# dist_coeff:
# - - -1.3142589234883053e-10
#   - -2.615728839048662e-07
#   - -3.778678242834884e-12
#   - -8.159479283769905e-14
#   - 3.458838325714501e-11

#aruco camera callibration
camera_matrix:
  - [820.3589856596768, 0.0, 539.5]
  - [0.0, 483.84537647631765, 959.5]
  - [0.0, 0.0, 1.0]

dist_coeff:
  - [-1.3142589234883053e-10, -2.615728839048662e-07, -3.778678242834884e-12, -8.159479283769905e-14, 3.458838325714501e-11]





#chess camera callibration
D = [0.08868535956547054, 0.05555807013043827, 0.004745663851807967, 0.058562069893708935, 0.0]
K = [569.7767494890652, 0.0, 422.2865492177008, 0.0, 560.7735063411275, 243.9585313589234, 0.0, 0.0, 1.0]
R = [1.0, 0.0, 0.0, 0.0, 1.0, 0.0, 0.0, 0.0, 1.0]
P = [572.1387939453125, 0.0, 443.4724821214768, 0.0, 0.0, 598.09130859375, 244.82613291655434, 0.0, 0.0, 0.0, 1.0, 0.0]

[image]

width
640

height
480

[narrow_stereo]

camera matrix
569.776749 0.000000 422.286549
0.000000 560.773506 243.958531
0.000000 0.000000 1.000000

distortion
0.088685 0.055558 0.004746 0.058562 0.000000

rectification
1.000000 0.000000 0.000000
0.000000 1.000000 0.000000
0.000000 0.000000 1.000000

projection
572.138794 0.000000 443.472482 0.000000
0.000000 598.091309 244.826133 0.000000
0.000000 0.000000 1.000000 0.000000
